defect cooperate tit_for_tat coin_flip biased_random susp_tit_for_tat grudger waffler 
  5   15   20   10   10   10   10   20  
  5   14   21   10   10    9   12   19  
  4   14   23    9   10    8   14   18  
  3   14   25    8   10    7   16   17  
  2   14   27    7   11    6   17   16  
  0   14   29    6   12    5   19   14  
  0   14   31    5   13    4   21   12  
  0   14   32    4   14    3   23   10  
  0   14   33    3   15    2   24    9  
  0   14   34    2   15    2   25    8  
  0   14   35    1   16    1   26    7  
  0   14   35    1   16    1   27    6  
  0   14   35    1   16    1   28    5  
  0   14   35    1   16    1   29    4  
  0   14   35    1   16    1   30    3  
  0   14   35    1   16    1   30    3  
  0   14   35    1   16    1   30    3  
  0   14   35    1   16    1   30    3  
  0   14   35    1   16    1   30    3  
  0   14   35    1   16    1   30    3  
  0   14   35    1   16    1   30    3  
  0   14   35    1   16    1   30    3  
  0   14   35    1   16    1   30    3  
  0   14   35    1   16    1   30    3  
  0   14   35    1   16    1   30    3  
  0   14   35    1   16    1   30    3  
  0   14   35    1   16    1   30    3  
  0   14   35    1   16    1   30    3  
  0   14   35    1   16    1   30    3  
  0   14   35    1   16    1   30    3  
  0   14   35    1   16    1   30    3  
  0   14   35    1   16    1   30    3  
  0   14   35    1   16    1   30    3  
  0   14   35    1   16    1   30    3  
  0   14   35    1   16    1   30    3  
  0   14   35    1   16    1   30    3  
  0   14   35    1   16    1   30    3  
  0   14   35    1   16    1   30    3  
  0   14   35    1   16    1   30    3  
  0   14   35    1   16    1   30    3  
